A 0.007812 0.042105 0.046875 0.273684
B 0.054688 0.042105 0.093750 0.273684
C 0.101562 0.042105 0.140625 0.284211
D 0.148438 0.042105 0.189453 0.273684
E 0.197266 0.042105 0.232422 0.273684
F 0.240234 0.042105 0.273438 0.273684
G 0.281250 0.042105 0.322266 0.284211
H 0.330078 0.042105 0.373047 0.273684
I 0.380859 0.042105 0.396484 0.273684
J 0.404297 0.042105 0.437500 0.284211
K 0.445312 0.042105 0.484375 0.273684
L 0.492188 0.042105 0.525391 0.273684
M 0.533203 0.042105 0.587891 0.273684
N 0.595703 0.042105 0.638672 0.273684
O 0.646484 0.042105 0.689453 0.284211
P 0.697266 0.042105 0.736328 0.273684
Q 0.744141 0.042105 0.787109 0.326316
R 0.794922 0.042105 0.832031 0.273684
S 0.839844 0.042105 0.876953 0.284211
T 0.884766 0.042105 0.921875 0.273684
U 0.929688 0.042105 0.968750 0.284211
V 0.007812 0.368421 0.046875 0.600000
W 0.054688 0.368421 0.109375 0.600000
X 0.117188 0.368421 0.156250 0.600000
Y 0.164062 0.368421 0.201172 0.600000
Z 0.208984 0.368421 0.246094 0.600000
a 0.253906 0.368421 0.287109 0.547368
b 0.294922 0.368421 0.330078 0.621053
c 0.337891 0.368421 0.369141 0.547368
d 0.376953 0.368421 0.412109 0.621053
e 0.419922 0.368421 0.453125 0.547368
f 0.460938 0.368421 0.482422 0.621053
g 0.490234 0.368421 0.525391 0.621053
h 0.533203 0.368421 0.566406 0.621053
i 0.574219 0.368421 0.587891 0.610526
j 0.595703 0.368421 0.611328 0.673684
k 0.619141 0.368421 0.650391 0.621053
l 0.658203 0.368421 0.671875 0.621053
m 0.679688 0.368421 0.734375 0.547368
n 0.742188 0.368421 0.775391 0.547368
o 0.783203 0.368421 0.818359 0.547368
p 0.826172 0.368421 0.861328 0.610526
q 0.869141 0.368421 0.904297 0.610526
r 0.912109 0.368421 0.931641 0.547368
s 0.939453 0.368421 0.970703 0.547368
t 0.007812 0.715789 0.027344 0.936842
u 0.035156 0.715789 0.068359 0.894737
v 0.076172 0.715789 0.105469 0.884211
w 0.113281 0.715789 0.160156 0.884211
x 0.167969 0.715789 0.197266 0.884211
y 0.205078 0.715789 0.234375 0.957895
z 0.242188 0.715789 0.271484 0.884211
0 0.279297 0.715789 0.314453 0.957895
1 0.322266 0.715789 0.357422 0.947368
2 0.365234 0.715789 0.400391 0.957895
3 0.408203 0.715789 0.443359 0.957895
4 0.451172 0.715789 0.486328 0.947368
5 0.494141 0.715789 0.529297 0.957895
6 0.537109 0.715789 0.572266 0.957895
7 0.580078 0.715789 0.615234 0.947368
8 0.623047 0.715789 0.658203 0.957895
9 0.666016 0.715789 0.701172 0.957895
_SPACE 0.708984 0.715789 0.724609 0.715789
