_SPACE 0.000000 0.000000 0.062500 0.062500
! 0.062500 0.000000 0.125000 0.062500
" 0.125000 0.000000 0.187500 0.062500
# 0.187500 0.000000 0.250000 0.062500
$ 0.250000 0.000000 0.312500 0.062500
% 0.312500 0.000000 0.375000 0.062500
& 0.375000 0.000000 0.437500 0.062500
' 0.437500 0.000000 0.500000 0.062500
( 0.500000 0.000000 0.562500 0.062500
) 0.562500 0.000000 0.625000 0.062500
* 0.625000 0.000000 0.687500 0.062500
+ 0.687500 0.000000 0.750000 0.062500
, 0.750000 0.000000 0.812500 0.062500
- 0.812500 0.000000 0.875000 0.062500
. 0.875000 0.000000 0.937500 0.062500
/ 0.937500 0.000000 1.000000 0.062500
0 0.000000 0.062500 0.062500 0.125000
1 0.062500 0.062500 0.125000 0.125000
2 0.125000 0.062500 0.187500 0.125000
3 0.187500 0.062500 0.250000 0.125000
4 0.250000 0.062500 0.312500 0.125000
5 0.312500 0.062500 0.375000 0.125000
6 0.375000 0.062500 0.437500 0.125000
7 0.437500 0.062500 0.500000 0.125000
8 0.500000 0.062500 0.562500 0.125000
9 0.562500 0.062500 0.625000 0.125000
: 0.625000 0.062500 0.687500 0.125000
; 0.687500 0.062500 0.750000 0.125000
< 0.750000 0.062500 0.812500 0.125000
= 0.812500 0.062500 0.875000 0.125000
> 0.875000 0.062500 0.937500 0.125000
? 0.937500 0.062500 1.000000 0.125000
@ 0.000000 0.125000 0.062500 0.187500
A 0.062500 0.125000 0.125000 0.187500
B 0.125000 0.125000 0.187500 0.187500
C 0.187500 0.125000 0.250000 0.187500
D 0.250000 0.125000 0.312500 0.187500
E 0.312500 0.125000 0.375000 0.187500
F 0.375000 0.125000 0.437500 0.187500
G 0.437500 0.125000 0.500000 0.187500
H 0.500000 0.125000 0.562500 0.187500
I 0.562500 0.125000 0.625000 0.187500
J 0.625000 0.125000 0.687500 0.187500
K 0.687500 0.125000 0.750000 0.187500
L 0.750000 0.125000 0.812500 0.187500
M 0.812500 0.125000 0.875000 0.187500
N 0.875000 0.125000 0.937500 0.187500
O 0.937500 0.125000 1.000000 0.187500
P 0.000000 0.187500 0.062500 0.250000
Q 0.062500 0.187500 0.125000 0.250000
R 0.125000 0.187500 0.187500 0.250000
S 0.187500 0.187500 0.250000 0.250000
T 0.250000 0.187500 0.312500 0.250000
U 0.312500 0.187500 0.375000 0.250000
V 0.375000 0.187500 0.437500 0.250000
W 0.437500 0.187500 0.500000 0.250000
X 0.500000 0.187500 0.562500 0.250000
Y 0.562500 0.187500 0.625000 0.250000
Z 0.625000 0.187500 0.687500 0.250000
[ 0.687500 0.187500 0.750000 0.250000
\ 0.750000 0.187500 0.812500 0.250000
] 0.812500 0.187500 0.875000 0.250000
^ 0.875000 0.187500 0.937500 0.250000
_ 0.937500 0.187500 1.000000 0.250000
` 0.000000 0.250000 0.062500 0.312500
a 0.062500 0.250000 0.125000 0.312500
b 0.125000 0.250000 0.187500 0.312500
c 0.187500 0.250000 0.250000 0.312500
d 0.250000 0.250000 0.312500 0.312500
e 0.312500 0.250000 0.375000 0.312500
f 0.375000 0.250000 0.437500 0.312500
g 0.437500 0.250000 0.500000 0.312500
h 0.500000 0.250000 0.562500 0.312500
i 0.562500 0.250000 0.625000 0.312500
j 0.625000 0.250000 0.687500 0.312500
k 0.687500 0.250000 0.750000 0.312500
l 0.750000 0.250000 0.812500 0.312500
m 0.812500 0.250000 0.875000 0.312500
n 0.875000 0.250000 0.937500 0.312500
o 0.937500 0.250000 1.000000 0.312500
p 0.000000 0.312500 0.062500 0.375000
q 0.062500 0.312500 0.125000 0.375000
r 0.125000 0.312500 0.187500 0.375000
s 0.187500 0.312500 0.250000 0.375000
t 0.250000 0.312500 0.312500 0.375000
u 0.312500 0.312500 0.375000 0.375000
v 0.375000 0.312500 0.437500 0.375000
w 0.437500 0.312500 0.500000 0.375000
x 0.500000 0.312500 0.562500 0.375000
y 0.562500 0.312500 0.625000 0.375000
z 0.625000 0.312500 0.687500 0.375000
{ 0.687500 0.312500 0.750000 0.375000
| 0.750000 0.312500 0.812500 0.375000
} 0.812500 0.312500 0.875000 0.375000
~ 0.875000 0.312500 0.937500 0.375000
